1	0	1000	2069.297
1	1000	2000	2376.247
1	2000	3000	2472.663
1	3000	4000	2359.569
1	4000	5000	2292.553
1	5000	6000	2406.247
1	6000	7000	2295.230
1	7000	8000	2364.436
1	8000	9000	2017.867
1	9000	10000	2350.294
1	10000	11000	2469.827
1	11000	12000	2449.546
1	12000	13000	2337.799
1	13000	14000	2178.189
1	14000	15000	2229.807
1	15000	16000	2041.100
1	16000	17000	2131.304
1	17000	18000	1859.155
1	18000	19000	1805.690
1	19000	20000	1874.386
1	20000	21000	2043.879
1	21000	22000	2144.698
1	22000	23000	1866.868
1	23000	24000	2010.357
1	24000	25000	2087.276
1	25000	26000	2134.338
1	26000	27000	2248.524
1	27000	28000	1981.477
1	28000	29000	2085.529
1	29000	30000	2242.435
1	30000	31000	2314.919
1	31000	32000	2408.809
1	32000	33000	2408.594
1	33000	34000	2315.040
1	34000	35000	2366.145
1	35000	36000	2274.453
1	36000	37000	2200.078
1	37000	38000	2348.997
1	38000	39000	2179.336
1	39000	40000	2329.210
1	40000	41000	2306.584
1	41000	42000	2017.687
1	42000	43000	2042.249
1	43000	44000	2070.132
1	44000	45000	2130.561
1	45000	46000	2160.801
1	46000	47000	2149.441
1	47000	48000	2177.369
1	48000	49000	1862.017
1	49000	50000	2234.159
1	50000	51000	2069.283
1	51000	52000	2352.452
1	52000	53000	2289.369
1	53000	54000	2441.059
1	54000	55000	2039.572
1	55000	56000	2241.680
1	56000	57000	2152.632
1	57000	58000	2184.574
1	58000	59000	2353.020
1	59000	60000	2137.143
1	60000	61000	2030.588
1	61000	62000	2149.389
1	62000	63000	1988.601
1	63000	64000	1844.727
1	64000	65000	2208.905
1	65000	65639	2087.981
10	0	1000	2583.915
10	1000	2000	2369.053
10	2000	3000	2261.819
10	3000	4000	2407.309
10	4000	5000	2162.237
10	5000	6000	2333.269
10	6000	7000	2325.159
10	7000	8000	2390.717
10	8000	9000	2247.744
10	9000	9851	2045.105
11	0	519	4043.863
12	0	1000	2732.119
12	1000	2000	2445.818
12	2000	3000	2851.879
12	3000	4000	2716.145
12	4000	5000	2759.293
12	5000	6000	2551.395
12	6000	7000	2428.400
12	7000	8000	2526.391
12	8000	9000	2258.188
12	9000	10000	1956.593
12	10000	11000	2283.401
12	11000	12000	2677.554
12	12000	13000	2587.006
12	13000	14000	2632.297
12	14000	15000	1930.005
12	15000	16000	2643.969
12	16000	17000	2848.065
12	17000	18000	2651.081
12	18000	19000	2842.289
12	19000	20000	2738.016
12	20000	21000	2786.519
12	21000	22000	2811.061
12	22000	23000	2869.573
12	23000	24000	2656.899
12	24000	25000	2674.494
12	25000	26000	2616.968
12	26000	27000	2733.657
12	27000	28000	2935.318
12	28000	29000	2915.892
12	29000	30000	2874.944
12	30000	31000	3058.816
12	31000	32000	3068.089
12	32000	33000	3319.362
12	33000	34000	3112.054
12	34000	35000	2777.071
12	35000	36000	2870.968
12	36000	37000	2628.259
12	37000	38000	2369.188
12	38000	39000	1953.949
12	39000	40000	1949.074
12	40000	41000	2062.298
12	41000	42000	1920.862
12	42000	43000	1917.457
12	43000	43925	1753.286
13	0	1000	1962.854
13	1000	2000	2192.016
13	2000	3000	2295.848
13	3000	4000	2328.192
13	4000	5000	2088.647
13	5000	6000	2431.127
13	6000	7000	2649.291
13	7000	8000	2862.936
13	8000	9000	2953.649
13	9000	9390	2787.762
14	0	1000	1346.398
14	1000	2000	1439.428
14	2000	3000	1522.055
14	3000	4000	1486.201
14	4000	4544	1234.138
15	0	1000	3139.752
15	1000	2000	3179.725
15	2000	3000	3010.379
15	3000	4000	2962.574
15	4000	5000	2561.884
15	5000	6000	2715.185
15	6000	7000	3107.793
15	7000	7189	2668.656
16	0	1000	3834.835
16	1000	2000	3518.882
16	2000	3000	4133.415
16	3000	4000	4472.225
16	4000	5000	4073.664
16	5000	6000	3881.199
16	6000	7000	4241.611
16	7000	8000	2783.946
16	8000	9000	3424.592
16	9000	10000	4081.172
16	10000	11000	4170.112
16	11000	11916	4036.248
18	0	1000	3946.088
18	1000	1589	4220.728
2	0	1000	2238.534
2	1000	2000	2444.549
2	2000	3000	2678.921
2	3000	4000	2176.926
2	4000	5000	2817.536
2	5000	6000	2741.214
2	6000	7000	2598.593
2	7000	8000	2420.140
2	8000	9000	2170.435
2	9000	10000	2412.177
2	10000	11000	2486.715
2	11000	12000	2588.462
2	12000	13000	2479.419
2	13000	14000	2491.495
2	14000	15000	2278.057
2	15000	16000	2118.468
2	16000	17000	2237.313
2	17000	18000	2569.962
2	18000	19000	2297.714
2	19000	20000	2430.937
2	20000	21000	1995.718
2	21000	22000	2420.028
2	22000	23000	2210.387
2	23000	24000	2562.427
2	24000	25000	3038.883
2	25000	26000	2932.310
2	26000	27000	3018.789
2	27000	28000	2881.145
2	28000	29000	3249.710
2	29000	30000	2596.382
2	30000	31000	2623.471
2	31000	32000	3140.001
2	32000	33000	2939.123
2	33000	34000	3039.253
2	34000	35000	2348.409
2	35000	36000	2203.564
2	36000	37000	2571.560
2	37000	38000	2569.074
2	38000	39000	2330.208
2	39000	39338	2119.533
3	0	1000	1725.275
3	1000	2000	1682.600
3	2000	3000	1885.847
3	3000	4000	1758.600
3	4000	5000	1812.144
3	5000	6000	1741.509
3	6000	7000	1748.435
3	7000	8000	1711.984
3	8000	9000	1781.189
3	9000	10000	1723.877
3	10000	11000	1923.946
3	11000	12000	2049.865
3	12000	13000	2132.812
3	13000	14000	1984.685
3	14000	15000	2409.059
3	15000	16000	2368.893
3	16000	17000	2675.182
3	17000	18000	2834.150
3	18000	19000	2722.657
3	19000	20000	2614.014
3	20000	21000	2594.040
3	21000	22000	2587.025
3	22000	23000	2389.088
3	23000	24000	2479.055
3	24000	25000	2396.247
3	25000	26000	2495.038
3	26000	27000	2403.374
3	27000	28000	2246.088
3	28000	29000	2296.495
3	29000	30000	2040.928
3	30000	31000	2322.988
3	31000	32000	2142.059
3	32000	33000	2182.918
3	33000	34000	2403.119
3	34000	35000	2519.244
3	35000	36000	2370.381
3	36000	37000	2466.554
3	37000	38000	2439.015
3	38000	39000	2186.450
3	39000	40000	1887.620
3	40000	41000	1878.321
3	41000	41826	2035.814
4	0	1000	2046.121
4	1000	2000	2045.862
4	2000	3000	2030.420
4	3000	4000	2340.990
4	4000	5000	2380.121
4	5000	6000	2356.675
4	6000	7000	2320.027
4	7000	8000	2379.977
4	8000	9000	2306.402
4	9000	10000	2504.545
4	10000	11000	2269.880
4	11000	12000	2357.741
4	12000	13000	2286.831
4	13000	14000	2243.266
4	14000	15000	1944.292
4	15000	16000	2244.748
4	16000	17000	2137.177
4	17000	18000	2016.019
4	18000	19000	1806.538
4	19000	20000	1870.741
4	20000	21000	2042.264
4	21000	22000	2107.923
4	22000	23000	2009.771
4	23000	24000	1950.607
4	24000	25000	1923.390
4	25000	26000	1698.438
4	26000	27000	1886.739
4	27000	28000	1835.288
4	28000	29000	1692.285
4	29000	30000	2129.286
4	30000	31000	2249.041
4	31000	32000	2422.070
4	32000	33000	2151.602
4	33000	34000	2225.104
4	34000	35000	2225.955
4	35000	36000	2277.824
4	36000	37000	1285.051
4	37000	38000	1513.580
4	38000	39000	2015.459
4	39000	40000	1965.474
4	40000	41000	2169.590
4	41000	42000	2594.456
4	42000	43000	2462.593
4	43000	44000	2385.988
4	44000	44246	1759.748
5	0	1000	3309.597
5	1000	2000	3502.581
5	2000	3000	3480.710
5	3000	4000	3436.654
5	4000	5000	3298.379
5	5000	6000	3429.085
5	6000	7000	3095.002
5	7000	8000	3705.313
5	8000	9000	4180.307
5	9000	10000	4007.895
5	10000	11000	4104.397
5	11000	12000	3810.826
5	12000	13000	4208.596
5	13000	14000	4318.865
5	14000	15000	4271.007
5	15000	16000	4136.806
5	16000	17000	3601.973
5	17000	18000	3901.254
5	18000	19000	3305.583
5	19000	20000	3833.080
5	20000	21000	3881.208
5	21000	22000	4225.667
5	22000	23000	4062.203
5	23000	24000	3691.964
5	24000	25000	3638.368
5	25000	26000	4101.236
5	26000	27000	4192.827
5	27000	28000	3618.125
5	28000	29000	3730.236
5	29000	30000	4000.950
5	30000	31000	3981.739
5	31000	32000	3807.764
5	32000	33000	3793.770
5	33000	34000	4044.739
5	34000	35000	3953.333
5	35000	36000	3695.114
5	36000	37000	3680.594
5	37000	38000	3502.452
5	38000	39000	3401.038
5	39000	40000	3461.777
5	40000	41000	3506.277
5	41000	42000	2984.763
5	42000	43000	3433.204
5	43000	44000	3447.125
5	44000	45000	3271.343
5	45000	46000	3422.317
5	46000	47000	2782.378
5	47000	48000	3065.608
5	48000	49000	3064.000
5	49000	50000	2943.587
5	50000	51000	2645.198
5	51000	52000	2838.988
5	52000	53000	2334.434
5	53000	54000	2501.419
5	54000	55000	2446.975
5	55000	56000	2728.772
5	56000	57000	2785.876
5	57000	58000	2806.152
5	58000	59000	2619.179
5	59000	60000	2914.305
5	60000	61000	3173.083
5	61000	62000	3056.762
5	62000	63000	2913.100
5	63000	64000	2670.303
5	64000	65000	2885.531
5	65000	66000	2986.159
5	66000	67000	3124.286
5	67000	68000	3111.389
5	68000	69000	2903.573
5	69000	70000	3278.405
5	70000	71000	3505.812
5	71000	72000	2993.309
5	72000	73000	2841.188
5	73000	74000	2926.605
5	74000	75000	2861.447
5	75000	76000	2749.953
5	76000	77000	2675.272
5	77000	78000	2434.379
5	78000	79000	2662.165
5	79000	80000	2823.363
5	80000	81000	2663.137
5	81000	82000	2559.047
5	82000	82752	2280.555
6	0	1000	3501.132
6	1000	2000	3762.657
6	2000	3000	3593.776
6	3000	4000	3681.152
6	4000	5000	3164.619
6	5000	6000	3172.675
6	6000	7000	3189.132
6	7000	8000	2899.820
6	8000	9000	2605.572
6	9000	10000	2651.759
6	10000	11000	2739.353
6	11000	12000	2591.676
6	12000	13000	2556.913
6	13000	14000	2346.585
6	14000	15000	2370.096
6	15000	16000	2745.707
6	16000	17000	2873.711
6	17000	18000	2687.128
6	18000	19000	2984.363
6	19000	19025	1234.240
7	0	1000	1376.649
7	1000	2000	1868.549
7	2000	3000	1862.307
7	3000	4000	2052.941
7	4000	5000	2348.760
7	5000	6000	2031.312
7	6000	7000	2000.803
7	7000	8000	2185.025
7	8000	9000	2016.155
7	9000	9998	2051.140
8	0	1000	4145.823
8	1000	2000	4298.334
8	2000	3000	4473.908
8	3000	4000	4516.126
8	4000	5000	4346.816
8	5000	6000	5067.969
8	6000	7000	5046.312
8	7000	7502	4732.002
9	0	1000	2787.881
9	1000	2000	2674.868
9	2000	3000	2809.250
9	3000	4000	3010.519
9	4000	5000	2985.184
9	5000	6000	2516.320
9	6000	7000	2436.898
9	7000	8000	2388.981
9	8000	9000	2501.010
9	9000	10000	2250.654
9	10000	11000	2616.249
9	11000	12000	2314.094
9	12000	13000	2523.609
9	13000	14000	2532.216
9	14000	15000	2249.662
9	15000	16000	2128.705
9	16000	17000	1789.697
9	17000	18000	1939.652
9	18000	19000	2082.859
9	19000	20000	2037.934
9	20000	21000	2105.135
9	21000	22000	2055.293
9	22000	23000	2137.866
9	23000	24000	2062.198
9	24000	25000	1823.212
9	25000	26000	1798.347
9	26000	27000	2054.474
9	27000	28000	1828.436
9	28000	29000	1603.950
9	29000	30000	1785.131
9	30000	31000	1916.269
9	31000	32000	1978.694
9	32000	33000	1972.739
9	33000	34000	2038.792
9	34000	35000	1969.228
9	35000	36000	1979.102
9	36000	37000	2178.268
9	37000	38000	2272.043
9	38000	39000	2279.947
9	39000	40000	2011.013
9	40000	41000	2301.581
9	41000	42000	2232.579
9	42000	43000	2180.502
9	43000	44000	1882.359
9	44000	45000	1945.671
9	45000	46000	2579.949
9	46000	47000	2615.319
9	47000	48000	2439.074
9	48000	49000	2562.694
9	49000	49017	1015.941
